0 the-enlightened.lxf
0 Author: LEGO Digital Designer 4.3
1 25 150.53076171875 -24.612468719482422 44.877494812011719 0.82142293453216553 0.57031971216201782 0 -0.3335818350315094 0.48045250773429871 0.81110340356826782 0.46258807182312012 -0.66625893115997314 0.58490294218063354 44301.dat
1 25 178.00001525878906 -51.302192687988281 81.888969421386719 0 -1 0 0.58490258455276489 0 0.81110352277755737 -0.81110352277755737 0 0.58490258455276489 44302.dat
1 1 170 -56.651229858398437 89.999984741210937 1 0 0 0 1 0 0 0 1 4274.dat
1 19 140.00001525878906 -98.651199340820313 79.999984741210938 0 0 1 0 0.99999994039535522 0 -1 0 0 3794a.dat
1 19 140.00001525878906 -90.651199340820313 89.999984741210937 0 0 1 0 0.99999994039535522 0 -1 0 0 4073.dat
1 19 140.00001525878906 -82.651199340820313 90 0 0 1 0 0.99999994039535522 0 -1 0 0 3794a.dat
1 19 130 -74.651214599609375 89.999977111816406 0 0 1 0 0.99999994039535522 0 -1 0 0 3022.dat
1 19 140.00001525878906 -66.651206970214844 90 0 0 1 0 0.99999994039535522 0 -1 0 0 3023.dat
1 25 140.00001525878906 -58.651206970214844 90 0 0 1 0 0.99999994039535522 0 -1 0 0 3023.dat
1 19 119.99999237060547 -66.651206970214844 89.999977111816406 0 0 1 0 0.99999994039535522 0 -1 0 0 3700.dat
1 25 140.00001525878906 -50.651210784912109 90 0 0 1 0 0.99999994039535522 0 -1 0 0 3023.dat
1 25 130.00003051757812 -42.651237487792969 80.000022888183594 1 0 0 0 1 0 0 0 1 3004.dat
1 25 140.00001525878906 -18.651212692260742 90.000030517578125 1 0 0 0 1 0 0 0 1 3021.dat
1 25 140.00001525878906 -10.651220321655273 90.000030517578125 1 0 0 0 1 0 0 0 1 3021.dat
1 25 140 -2.6512205600738525 90.000030517578125 0 0 -1 0 0.99999994039535522 0 1 0 0 3023.dat
1 25 140 5.3487763404846191 80.000022888183594 1 0 0 0 1 0 0 0 1 3024.dat
1 2 140 13.348777770996094 80.000022888183594 1 0 0 0 1 0 0 0 1 4073.dat
1 2 140 21.348766326904297 80 1 0 0 0 1 0 0 0 1 4073.dat
1 2 140.00001525878906 29.3487548828125 80.000015258789063 1 0 0 0 1 0 0 0 1 3003.dat
1 2 139.99996948242187 53.348709106445313 100 1 0 0 0 1 0 0 0 1 3867.dat
1 0 140.00001525878906 29.348743438720703 50.000019073486328 1 0 0 0 1 0 0 0 1 3004.dat
1 2 139.99444580078125 21.3487548828125 50.000019073486328 1 0 0 0 1 0 0 0 1 3069b.dat
1 70 50.000007629394531 53.348518371582031 -50.000019073486328 1 0 0 0 1 0 0 0 1 50746.dat
1 71 90.000053405761719 29.348760604858398 60.000007629394531 0 0 -1 0 0.99999994039535522 0 1 0 0 3004.dat
1 0 110.00003814697266 45.348731994628906 90.000030517578125 1 0 0 0 1 0 0 0 1 3024.dat
1 0 110.00003814697266 37.348747253417969 90.000030517578125 1 0 0 0 1 0 0 0 1 3024.dat
1 71 110.00001525878906 29.348772048950195 60.000015258789063 0 0 -1 0 0.99999994039535522 0 1 0 0 3710.dat
1 2 100.00002288818359 21.348770141601563 39.999988555908203 1 0 0 0 1 0 0 0 1 3068b.dat
1 2 100.00004577636719 21.348775863647461 80.000007629394531 1 0 0 0 1 0 0 0 1 3068b.dat
1 70 220 29.34870719909668 239.99998474121094 -1 0 0 0 1 0 0 0 -1 3001.dat
1 70 260 5.3487105369567871 239.99996948242187 -1 0 0 0 1 0 0 0 -1 3001.dat
1 19 260 -2.6512875556945801 239.99996948242187 1 0 0 0 1 0 0 0 1 3068b.dat
1 70 290 -2.6512875556945801 219.99995422363281 0 0 -1 0 0.99999994039535522 0 1 0 0 2431.dat
1 70 280 29.34870719909668 219.99995422363281 0 0 -1 0 0.99999994039535522 0 1 0 0 3001.dat
1 70 279.99996948242187 5.3487105369567871 209.99996948242187 1 0 0 0 1 0 0 0 1 3004.dat
1 70 269.99996948242187 5.3487105369567871 189.99996948242187 0 0 1 0 0.99999994039535522 0 -1 0 0 2357.dat
1 70 269.99996948242187 -2.6512889862060547 179.99443054199219 0 0 -1 0 0.99999994039535522 0 1 0 0 3069b.dat
1 19 220.00003051757813 -2.6512875556945801 219.99995422363281 0 0 1 0 0.99999994039535522 0 -1 0 0 87079.dat
1 70 180 5.3487105369567871 239.99998474121094 -1 0 0 0 1 0 0 0 -1 3001.dat
1 70 139.99998474121094 29.34870719909668 239.99998474121094 -1 0 0 0 1 0 0 0 -1 3001.dat
1 70 119.99996948242187 5.3487105369567871 239.99998474121094 1 0 0 0 1 0 0 0 1 3003.dat
1 19 99.999961853027344 -2.6512875556945801 219.99998474121094 0 0 1 0 0.99999994039535522 0 -1 0 0 87079.dat
1 70 59.999992370605469 5.3487076759338379 239.99998474121094 -1 0 0 0 1 0 0 0 -1 3001.dat
1 70 19.99998664855957 29.34870719909668 239.99998474121094 -1 0 0 0 1 0 0 0 -1 3001.dat
1 70 -2.6077032089233398E-005 5.3487076759338379 239.99998474121094 1 0 0 0 1 0 0 0 1 3003.dat
1 70 -10.000026702880859 -2.6512906551361084 239.994384765625 0 0 -1 0 0.99999994039535522 0 1 0 0 3069b.dat
1 70 79.999992370605469 29.34870719909668 239.99998474121094 1 0 0 0 1 0 0 0 1 3003.dat
1 19 59.999965667724609 -2.6512875556945801 219.99998474121094 0 0 1 0 0.99999994039535522 0 -1 0 0 87079.dat
1 70 49.999980926513672 5.3487105369567871 209.99998474121094 -1 0 0 0 1 0 0 0 -1 2357.dat
1 0 49.999988555908203 29.34870719909668 189.99998474121094 1 0 0 0 1 0 0 0 1 3005.dat
1 0 99.999984741210938 29.34870719909668 209.99998474121094 1 0 0 0 1 0 0 0 1 3008.dat
1 70 119.99995422363281 5.3487105369567871 200 1 0 0 0 1 0 0 0 1 2456.dat
1 0 119.99998474121094 29.34870719909668 179.99998474121094 1 0 0 0 1 0 0 0 1 2456.dat
1 70 119.99998474121094 5.3487105369567871 169.99998474121094 1 0 0 0 1 0 0 0 1 3009.dat
1 19 139.99996948242187 -2.6512875556945801 180 1 0 0 0 1 0 0 0 1 3068b.dat
1 19 69.999992370605469 -2.6512875556945801 169.99998474121094 1 0 0 0 1 0 0 0 1 30039.dat
1 19 99.999984741210938 -2.6512875556945801 159.99998474121094 1 0 0 0 1 0 0 0 1 3068b.dat
1 70 100.00001525878906 5.3487076759338379 140 1 0 0 0 1 0 0 0 1 3001.dat
1 70 80.000015258789063 29.34870719909668 119.99999237060547 1 0 0 0 1 0 0 0 1 3003.dat
1 70 80.000007629394531 5.3487076759338379 109.99999237060547 1 0 0 0 1 0 0 0 1 3048.dat
1 70 140.00003051757812 29.34870719909668 140 1 0 0 0 1 0 0 0 1 3001.dat
1 70 160.00003051757812 5.3487076759338379 140 1 0 0 0 1 0 0 0 1 3003.dat
1 70 139.99998474121094 -2.6512875556945801 129.99996948242187 1 0 0 0 1 0 0 0 1 6636.dat
1 70 70.000007629394531 29.34870719909668 149.99998474121094 1 0 0 0 1 0 0 0 1 3622.dat
1 70 70.000007629394531 -2.651292085647583 139.99443054199219 0 0 -1 0 0.99999994039535522 0 1 0 0 3069b.dat
1 19 180 -2.6512875556945801 219.99995422363281 0 0 1 0 0.99999994039535522 0 -1 0 0 87079.dat
1 70 199.99996948242187 5.3487105369567871 189.99996948242187 0 0 -1 0 0.99999994039535522 0 1 0 0 3002.dat
1 0 209.99998474121094 29.34870719909668 199.99996948242187 1 0 0 0 1 0 0 0 1 3002.dat
1 70 239.99998474121094 5.3487105369567871 189.99996948242187 0 0 -1 0 0.99999994039535522 0 1 0 0 3002.dat
1 19 249.99996948242187 -2.6512875556945801 179.994384765625 0 0 -1 0 0.99999994039535522 0 1 0 0 3069b.dat
1 0 250 29.34870719909668 189.99998474121094 0 0 -1 0 0.99999994039535522 0 1 0 0 3622.dat
1 19 209.99996948242187 -2.6512875556945801 169.99995422363281 1 0 0 0 1 0 0 0 1 30039.dat
1 0 209.99998474121094 29.34870719909668 159.99998474121094 1 0 0 0 1 0 0 0 1 3002.dat
1 70 209.99998474121094 5.3487105369567871 149.99996948242187 1 0 0 0 1 0 0 0 1 3622.dat
1 19 139.99996948242187 -2.6512875556945801 219.99998474121094 -1 0 0 0 1 0 0 0 -1 87580.dat
1 70 139.99996948242187 -26.651287078857422 220 1 0 0 0 1 0 0 0 1 3062b.dat
1 70 139.99996948242187 -50.651283264160156 220 1 0 0 0 1 0 0 0 1 3062b.dat
1 70 139.99998474121094 -82.651290893554688 220 1 0 0 0 1 0 0 0 1 3062b.dat
1 71 140.00001525878906 53.348709106445313 10.000014305114746 1 0 0 0 1 0 0 0 1 85984.dat
1 70 50.000007629394531 45.348518371582031 -20.000001907348633 0 0 -1 0 0.99999994039535522 0 1 0 0 3023.dat
1 70 50.000007629394531 37.348522186279297 -20.005580902099609 0 0 -1 0 0.99999994039535522 0 1 0 0 3069b.dat
1 70 29.999982833862305 53.348709106445313 150.00003051757812 0 0 1 0 0.99999994039535522 0 -1 0 0 50746.dat
1 70 269.99996948242187 53.348709106445313 129.99996948242187 1 0 0 0 1 0 0 0 1 50746.dat
1 70 -1.4156103134155273E-005 29.34870719909668 209.99998474121094 1 0 0 0 1 0 0 0 1 3004.dat
1 70 -10.000014305114746 29.348711013793945 209.99998474121094 0 0 1 0 0.99999994039535522 0 -1 0 0 50746.dat
1 70 70 53.348518371582031 -10.000008583068848 0 0 -1 0 0.99999994039535522 0 1 0 0 50746.dat
1 70 -10.000014305114746 53.348709106445313 189.99998474121094 1 0 0 0 1 0 0 0 1 50746.dat
1 70 10.000001907348633 53.348518371582031 9.9999904632568359 0 0 1 0 0.99999994039535522 0 -1 0 0 50746.dat
1 70 30.000001907348633 45.348518371582031 79.999992370605469 0 0 -1 0 0.99999994039535522 0 1 0 0 3023.dat
1 70 30.000001907348633 37.348514556884766 79.999992370605469 0 0 -1 0 0.99999994039535522 0 1 0 0 3023.dat
1 70 29.999996185302734 29.348522186279297 79.994415283203125 0 0 -1 0 0.99999994039535522 0 1 0 0 3069b.dat
1 71 140.00003051757812 29.348749160766602 110.00001525878906 1 0 0 0 1 0 0 0 1 3010.dat
1 2 140.00003051757812 21.348760604858398 110.00001525878906 1 0 0 0 1 0 0 0 1 2431.dat
1 70 39.999980926513672 29.34870719909668 169.99998474121094 1 0 0 0 1 0 0 0 1 3004.dat
1 70 50.000019073486328 5.3487076759338379 169.99998474121094 -1 0 0 0 1 0 0 0 -1 2357.dat
1 70 50.000019073486328 -2.6512951850891113 159.99443054199219 0 0 -1 0 0.99999994039535522 0 1 0 0 3069b.dat
1 71 139.99998474121094 45.348758697509766 30.000007629394531 1 0 0 0 1 0 0 0 1 3710.dat
1 71 139.99998474121094 37.3487548828125 30.000007629394531 1 0 0 0 1 0 0 0 1 3710.dat
1 2 139.99443054199219 29.348760604858398 30.000019073486328 1 0 0 0 1 0 0 0 1 3069b.dat
1 70 40.000019073486328 45.348709106445313 109.99999237060547 -1 0 0 0 1 0 0 0 -1 3023.dat
1 70 40.000019073486328 37.348712921142578 109.99999237060547 -1 0 0 0 1 0 0 0 -1 3023.dat
1 70 40.005592346191406 29.348712921142578 109.99997711181641 -1 0 0 0 1 0 0 0 -1 3069b.dat
1 70 290 53.348709106445313 169.99996948242187 1 0 0 0 1 0 0 0 1 50746.dat
1 0 169.99996948242187 45.348751068115234 89.999977111816406 1 0 0 0 1 0 0 0 1 3024.dat
1 0 169.99998474121094 37.348766326904297 89.999977111816406 1 0 0 0 1 0 0 0 1 3024.dat
1 71 170 29.348760604858398 60.000007629394531 0 0 -1 0 0.99999994039535522 0 1 0 0 3710.dat
1 2 180 21.348758697509766 40.000007629394531 1 0 0 0 1 0 0 0 1 3068b.dat
1 2 180.00001525878906 21.348758697509766 79.999992370605469 1 0 0 0 1 0 0 0 1 3068b.dat
1 70 19.999990463256836 29.34870719909668 189.99998474121094 1 0 0 0 1 0 0 0 1 3004.dat
1 70 9.9999828338623047 5.3487105369567871 190 1 0 0 0 1 0 0 0 1 2357.dat
1 70 9.9999856948852539 -2.6512889862060547 209.99998474121094 0 0 1 0 0.99999994039535522 0 -1 0 0 63864.dat
1 71 200.00003051757813 29.34870719909668 9.9999933242797852 1 0 0 0 1 0 0 0 1 3048.dat
1 71 170 29.348749160766602 10.000008583068848 1 0 0 0 1 0 0 0 1 3040B.dat
1 2 170 21.3487548828125 10.000008583068848 1 0 0 0 1 0 0 0 1 30039.dat
1 71 190.00001525878906 29.3487548828125 90 0 0 -1 0 0.99999994039535522 0 1 0 0 60477.dat
1 71 189.99996948242187 29.3487548828125 30.000001907348633 0 0 -1 0 0.99999994039535522 0 1 0 0 4286.dat
1 70 249.99996948242187 53.348709106445313 109.99995422363281 0 0 -1 0 0.99999994039535522 0 1 0 0 50746.dat
1 71 69.999992370605469 29.3487548828125 60.000015258789063 0 0 1 0 1 0 -1 0 0 3048.dat
1 71 189.99998474121094 29.348760604858398 59.999992370605469 0 0 -1 0 0.99999994039535522 0 1 0 0 3039.dat
1 70 9.9999904632568359 53.348709106445313 169.99998474121094 0 0 1 0 0.99999994039535522 0 -1 0 0 50746.dat
1 70 40 45.348518371582031 9.9999904632568359 1 0 0 0 1 0 0 0 1 3023.dat
1 70 40.005580902099609 37.348522186279297 9.9999847412109375 -1 0 0 0 1 0 0 0 -1 3069b.dat
1 71 90.000022888183594 29.348743438720703 30.000028610229492 1 0 0 0 1 0 0 0 1 3040B.dat
1 70 209.99998474121094 29.34870719909668 119.99996948242187 1 0 0 0 1 0 0 0 1 3002.dat
1 70 209.99998474121094 5.3487105369567871 119.99996948242187 1 0 0 0 1 0 0 0 1 3002.dat
1 70 209.99998474121094 -2.6512875556945801 109.99995422363281 -1 0 0 0 1 0 0 0 -1 63864.dat
1 71 90.000030517578125 29.3487548828125 90.000038146972656 0 0 1 0 0.99999994039535522 0 -1 0 0 3040B.dat
1 71 70.000007629394531 53.3487548828125 30.000007629394531 0 0 1 0 0.99999994039535522 0 -1 0 0 50746.dat
1 70 30.000007629394531 45.348518371582031 39.999996185302734 0 0 -1 0 0.99999994039535522 0 1 0 0 3023.dat
1 70 30.000007629394531 37.348522186279297 39.999996185302734 0 0 -1 0 0.99999994039535522 0 1 0 0 3023.dat
1 70 29.999996185302734 29.348522186279297 39.994422912597656 0 0 -1 0 0.99999994039535522 0 1 0 0 3069b.dat
1 71 110.00001525878906 29.348743438720703 9.9999904632568359 1 0 0 0 1 0 0 0 1 3040B.dat
1 2 110.00001525878906 21.3487548828125 10.000014305114746 1 0 0 0 1 0 0 0 1 30039.dat
1 70 269.99996948242187 29.34870719909668 159.99998474121094 0 0 -1 0 0.99999994039535522 0 1 0 0 3004.dat
1 2 -10.000014305114746 37.348709106445313 69.999984741210937 0 0 1 0 1 0 -1 0 0 3741.dat
1 2 189.99996948242187 37.348709106445313 -30.00001335144043 0 0 1 0 1 0 -1 0 0 3741.dat
1 70 249.99996948242187 29.34870719909668 139.99998474121094 0 0 -1 0 0.99999994039535522 0 1 0 0 3004.dat
1 70 249.99995422363281 5.3487105369567871 149.99996948242187 0 0 1 0 0.99999994039535522 0 -1 0 0 2357.dat
1 70 259.994384765625 -2.6512889862060547 149.99996948242187 1 0 0 0 1 0 0 0 1 3069b.dat
1 2 -20.000028610229492 37.348709106445313 99.999984741210938 1 0 0 0 1 0 0 0 1 6255.dat
1 2 49.999988555908203 37.348709106445313 69.999984741210937 0 0 1 0 1 0 -1 0 0 3741.dat
1 2 109.99999237060547 37.348709106445313 -50.000019073486328 0 0 1 0 1 0 -1 0 0 3741.dat
1 2 0 37.348709106445313 39.999973297119141 0 0 1 0 1 0 -1 0 0 3741.dat
1 2 9.9999790191650391 37.348709106445313 130 0 0 1 0 1 0 -1 0 0 3741.dat
1 2 249.99996948242187 37.348709106445313 9.9999608993530273 1 0 0 0 1 0 0 0 1 3741.dat
1 2 -10.000014305114746 37.348709106445313 149.99998474121094 0 0 1 0 1 0 -1 0 0 3741.dat
1 2 290 37.348709106445313 109.99997711181641 -1 0 0 0 1 0 0 0 -1 3741.dat
1 2 79.999977111816406 37.348709106445313 -40.000026702880859 0 0 1 0 1 0 -1 0 0 3741.dat
1 2 299.99996948242187 37.348709106445313 39.999961853027344 -1 0 0 0 1 0 0 0 -1 3741.dat
1 2 169.99998474121094 37.348709106445313 -50.000019073486328 0 0 1 0 1 0 -1 0 0 3741.dat
1 2 149.99996948242187 37.348709106445313 -30.00001335144043 0 0 1 0 1 0 -1 0 0 3741.dat
1 2 19.999958038330078 37.348709106445313 -20.000022888183594 0 0 1 0 1 0 -1 0 0 3741.dat
1 2 249.99996948242187 37.348709106445313 -50.000019073486328 -1 0 0 0 1 0 0 0 -1 6255.dat
1 2 259.99996948242187 37.348709106445313 39.999965667724609 -1 0 0 0 1 0 0 0 -1 6255.dat
1 2 289.99996948242187 37.348709106445313 -50.000019073486328 0 0 1 0 1 0 -1 0 0 3741.dat
1 2 -20.000028610229492 37.348709106445313 -20.000022888183594 1 0 0 0 1 0 0 0 1 6255.dat
1 2 289.99996948242187 37.348709106445313 -10.000038146972656 0 0 1 0 1 0 -1 0 0 3741.dat
1 2 229.99996948242187 37.348709106445313 -10.000032424926758 0 0 1 0 1 0 -1 0 0 3741.dat
1 25 120.00000762939453 -2.6512174606323242 100.00001525878906 -0.068081289529800415 0 0.99767976999282837 0 1 0 -0.99767976999282837 0 -0.068081289529800415 4073.dat
1 25 113.14459991455078 5.3488178253173828 69.129226684570313 -0.85756814479827881 0 -0.51437044143676758 0 1 0 0.51437044143676758 0 -0.85756814479827881 41769.dat
1 25 109.71260070800781 -2.6511788368225098 82.848663330078125 -0.51437085866928101 0 0.85756784677505493 0 1 0 -0.85756784677505493 0 -0.51437085866928101 30039.dat
1 25 118.28829956054687 13.34881591796875 77.704910278320312 -0.85756796598434448 0 -0.5143706202507019 0 1 0 0.5143706202507019 0 -0.85756796598434448 43722.dat
1 25 159.99996948242187 -2.6512174606323242 100.00004577636719 0 0 1 0 0.99999994039535522 0 -1 0 0 4073.dat
1 25 167.39256286621094 5.3488001823425293 69.253486633300781 -0.84846979379653931 0 0.5292438268661499 0 0.99999994039535522 0 -0.5292438268661499 0 -0.84846979379653931 41770.dat
1 25 170.58482360839844 -2.6511998176574707 83.030647277832031 0.52924370765686035 0 0.84846985340118408 0 1 0 -0.84846985340118408 0 0.52924370765686035 30039.dat
1 25 162.10014343261719 13.34879207611084 77.738204956054687 -0.84846979379653931 0 0.5292438268661499 0 0.99999994039535522 0 -0.5292438268661499 0 -0.84846979379653931 43723.dat
1 25 140.00003051757812 -42.651218414306641 100.00003814697266 1 0 0 0 1 0 0 0 1 3622.dat
1 2 -10.000026702880859 37.348709106445313 -50.000019073486328 0 0 1 0 1 0 -1 0 0 3741.dat
1 19 29.999971389770508 -2.6512935161590576 219.99440002441406 0 0 -1 0 0.99999994039535522 0 1 0 0 3069b.dat
1 19 209.99996948242187 -2.6512875556945801 139.99440002441406 0 0 -1 0 0.99999994039535522 0 1 0 0 3069b.dat
1 19 139.99440002441406 -2.6512875556945801 249.99996948242187 1 0 0 0 1 0 0 0 1 3069b.dat
1 70 239.994384765625 -2.6512875556945801 129.99998474121094 1 0 0 0 1 0 0 0 1 3069b.dat
1 70 30.000019073486328 -2.6512935161590576 179.99443054199219 0 0 -1 0 0.99999994039535522 0 1 0 0 3069b.dat
1 19 229.99996948242187 -2.6512875556945801 159.99436950683594 0 0 -1 0 0.99999994039535522 0 1 0 0 3069b.dat
1 19 259.99441528320312 -2.6512875556945801 209.99996948242187 1 0 0 0 1 0 0 0 1 3069b.dat
1 19 179.99995422363281 -2.6512875556945801 159.99995422363281 1 0 0 0 1 0 0 0 1 3068b.dat
1 19 139.99444580078125 -2.6512935161590576 149.99998474121094 1 0 0 0 1 0 0 0 1 3069b.dat
1 19 19.994422912597656 -2.6512935161590576 250 1 0 0 0 1 0 0 0 1 3069b.dat
1 25 159.99992370605469 -74.651268005371094 89.994514465332031 0 0 -1 0 0.99999994039535522 0 1 0 0 3069b.dat
1 25 159.99992370605469 -66.65130615234375 90.000030517578125 0 0 1 0 0.99999994039535522 0 -1 0 0 3700.dat
1 25 160.00003051757812 -42.651199340820313 79.999992370605469 1 0 0 0 1 0 0 0 1 87087.dat
1 25 97.713485717773438 13.348814964294434 43.402198791503906 0.85756778717041016 0 0.51437097787857056 0 1 0 -0.51437097787857056 0 0.85756778717041016 44302.dat
1 19 128.58592224121094 5.148808479309082 24.884870529174805 0 0.85756814479827881 -0.5143703818321228 1 0 0 0 -0.5143703818321228 -0.85756814479827881 30383.dat
1 25 183.26994323730469 13.348799705505371 43.799343109130859 -0.84847003221511841 0 0.52924346923828125 0 0.99999994039535522 0 -0.52924346923828125 0 -0.84847003221511841 44302.dat
1 19 152.72503662109375 5.148780345916748 24.746604919433594 0 -0.84847325086593628 -0.52923834323883057 1 0 0 0 -0.52923834323883057 0.84847337007522583 30383.dat
1 1 110.00003814697266 -56.651210784912109 89.999984741210937 -1 0 0 0 1 0 0 0 -1 4274.dat
1 19 102.00004577636719 -51.172149658203125 81.984344482421875 0 1 0 0.59790623188018799 0 -0.80156612396240234 -0.80156612396240234 0 -0.59790623188018799 44302.dat
1 19 133.83929443359375 -32.673149108886719 57.184173583984375 -0.99584358930587769 -0.091080062091350555 0 -0.054455600678920746 0.59542274475097656 -0.80156493186950684 0.073007978498935699 -0.79823315143585205 -0.59790772199630737 44301.dat
1 19 140.00004577636719 -130.65121459960937 79.999984741210938 0 0 1 0 0.99999994039535522 0 -1 0 0 3068b.dat
1 19 140.00006103515625 -122.65120697021484 79.999992370605469 0 0 1 0 0.99999994039535522 0 -1 0 0 3003.dat
1 25 160.00001525878906 -42.656784057617188 62 0 0 1.0000001192092896 1.0000001192092896 0 0 0 1.0000001192092896 0 3069b.dat
1 15 70.560714721679688 17.217655181884766 -56.360919952392578 0.97593557834625244 -0.17226427793502808 0.13369670510292053 -0.20352298021316528 -0.93969273567199707 0.27487456798553467 0.078282751142978668 -0.29547023773193359 -0.95213925838470459 3742.dat
1 1 10.707281112670898 12.220731735229492 69.999984741210937 0.93828964233398438 0.34201818704605103 -0.051346458494663239 0.34150713682174683 -0.93969333171844482 -0.018689783290028572 -0.054642170667648315 0 -0.99850600957870483 3742.dat
1 1 249.99996948242187 12.22072696685791 30.707254409790039 0.99997204542160034 0 0.0074895303696393967 0.002561619970947504 -0.93969249725341797 -0.34201094508171082 0.0070378384552896023 0.34202054142951965 -0.93966615200042725 3742.dat
1 1 10.707281112670898 12.220731735229492 149.99998474121094 0.9382895827293396 0.34201836585998535 -0.051347535103559494 0.34150764346122742 -0.93969327211380005 -0.018683690577745438 -0.054641097784042358 0 -0.99850606918334961 3742.dat
1 29 311.39129638671875 10.341344833374023 -50.000019073486328 0.93828940391540527 0.34201890230178833 -0.051346451044082642 0.34150788187980652 -0.93969309329986572 -0.018689803779125214 -0.054642170667648315 0 -0.99850600957870483 3742.dat
1 1 141.46687316894531 22.221080780029297 -15.218811988830566 0.98489612340927124 -0.17116323113441467 -0.026129651814699173 -0.17116324603557587 -0.93969208002090454 -0.29611137509346008 0.026129553094506264 0.29611137509346008 -0.9547959566116333 3742.dat
1 5 221.46687316894531 22.221086502075195 4.7811646461486816 0.98485243320465088 -0.17116323113441467 0.027729708701372147 -0.15472634136676788 -0.93969219923019409 -0.305021733045578 0.078265897929668427 0.29611086845397949 -0.95194160938262939 3742.dat
1 15 -0.12776894867420197 13.461949348449707 112.45819091796875 0.98466724157333374 -0.17226448655128479 -0.027497321367263794 -0.1558951735496521 -0.93969267606735229 0.3044247031211853 -0.078280583024024963 -0.29547023773193359 -0.95213943719863892 3742.dat
1 14 100.56073760986328 17.217655181884766 -66.36090087890625 0.98466724157333374 -0.1722644716501236 -0.027497423812747002 -0.15589512884616852 -0.93969267606735229 0.3044247031211853 -0.078280679881572723 -0.29547020792961121 -0.95213943719863892 3742.dat
1 29 299.99996948242187 8.4619569778442383 17.924589157104492 0.99318259954452515 0 -0.11656907945871353 0.039868824183940887 -0.93969267606735229 0.33968833088874817 -0.10953915864229202 -0.34202000498771667 -0.93328642845153809 3742.dat
1 29 273.63909912109375 17.217645645141602 119.43923187255859 0.93652290105819702 -0.29547077417373657 -0.18873731791973114 -0.32052242755889893 -0.93969249725341797 -0.1193455308675766 -0.14209192991256714 0.17226436734199524 -0.97474861145019531 3742.dat
1 29 70.707290649414063 12.220734596252441 69.999984741210937 0.92028802633285522 0.34201976656913757 -0.18997956812381744 0.3349573016166687 -0.93969273567199707 -0.069145731627941132 -0.20217162370681763 0 -0.97935009002685547 3742.dat
1 5 160.56072998046875 17.217653274536133 -66.360908508300781 0.98466700315475464 -0.17226429283618927 -0.027497252449393272 -0.15589500963687897 -0.93969273567199707 0.30442467331886292 -0.07828047126531601 -0.29547020792961121 -0.95213949680328369 3742.dat
1 1 100.70726776123047 12.220731735229492 -40.000022888183594 0.9382895827293396 0.34201833605766296 -0.051347531378269196 0.34150761365890503 -0.93969327211380005 -0.018683688715100288 -0.05464109405875206 0 -0.99850606918334961 3742.dat
1 1 212.07534790039062 8.4619607925415039 -30.00001335144043 0.9382893443107605 0.34201750159263611 -0.051353573799133301 0.3415067195892334 -0.93969357013702393 -0.018684729933738708 -0.054647129029035568 0 -0.99850571155548096 3742.dat
1 1 -8.5331325531005859 22.221080780029297 54.781169891357422 0.98489636182785034 -0.17116318643093109 -0.026129622012376785 -0.17116320133209229 -0.93969213962554932 -0.29611116647720337 0.026129525154829025 0.29611119627952576 -0.95479601621627808 3742.dat
1 15 304.78118896484375 22.221080780029297 118.53308868408203 0.95496499538421631 0.29611092805862427 0.018977409228682518 0.29482060670852661 -0.93969219923019409 -0.17337639629840851 -0.033505726605653763 0.17116332054138184 -0.98467278480529785 3742.dat
1 5 314.78128051757812 22.220726013183594 48.533138275146484 0.95496517419815063 0.29611042141914368 0.018977869302034378 0.29482018947601318 -0.93969231843948364 -0.17337633669376373 -0.033505178987979889 0.171163409948349 -0.98467278480529785 3742.dat
1 14 290 12.220728874206543 89.292686462402344 0.99806874990463257 0 -0.062121521681547165 0.021246541291475296 -0.93969279527664185 0.34135907888412476 -0.05837523564696312 -0.34201964735984802 -0.9378778338432312 3742.dat
1 5 170.707275390625 12.220731735229492 -30.00001335144043 0.93969255685806274 0.34202009439468384 0 0.34202009439468384 -0.93969261646270752 0 0 0 -1 3742.dat
1 15 181.46687316894531 22.221078872680664 -15.218814849853516 0.98485243320465088 -0.17116345465183258 0.027729801833629608 -0.15472647547721863 -0.93969208002090454 -0.30502220988273621 0.078266128897666931 0.29611131548881531 -0.95194143056869507 3742.dat
1 29 71.466796875 22.220731735229492 -25.218719482421875 0.98489612340927124 -0.17116318643093109 -0.026129553094506264 -0.17116318643093109 -0.93969219923019409 -0.29611092805862427 0.026129553094506264 0.29611092805862427 -0.95479607582092285 3742.dat
1 14 30.707273483276367 12.220731735229492 130 0.93969255685806274 0.34202030301094055 0 0.34202030301094055 -0.93969255685806274 0 0 0 -1 3742.dat
1 15 310.70724487304687 12.220731735229492 -10.000036239624023 0.93969255685806274 0.34202030301094055 0 0.34202030301094055 -0.93969255685806274 0 0 0 -1 3742.dat
1 5 40.707252502441406 12.220732688903809 -20.000024795532227 0.93969255685806274 0.342020183801651 0 0.342020183801651 -0.93969261646270752 0 0 0 -1 3742.dat
1 5 20.707271575927734 12.220731735229492 39.999973297119141 0.93969255685806274 0.34202030301094055 0 0.34202030301094055 -0.93969255685806274 0 0 0 -1 3742.dat
1 29 132.07536315917969 8.4619636535644531 -50.000019073486328 0.93828964233398438 0.34201818704605103 -0.051346458494663239 0.34150713682174683 -0.93969333171844482 -0.018689783290028572 -0.054642170667648315 0 -0.99850600957870483 3742.dat
1 29 -19.217840194702148 18.461959838867188 165.96572875976562 0.98489636182785034 -0.17116318643093109 -0.026129622012376785 -0.17116320133209229 -0.93969213962554932 -0.29611116647720337 0.026129525154829025 0.29611119627952576 -0.95479601621627808 3742.dat
1 5 41.466876983642578 22.221080780029297 84.781181335449219 0.98485243320465088 -0.17116345465183258 0.027729801833629608 -0.15472647547721863 -0.93969208002090454 -0.30502220988273621 0.078266128897666931 0.29611131548881531 -0.95194143056869507 3742.dat
1 14 250.70724487304687 12.220729827880859 -10.000031471252441 0.93969255685806274 0.34202021360397339 0 0.34202021360397339 -0.93969261646270752 0 0 0 -1 3742.dat
1 14 190.707275390625 12.220727920532227 -50.000019073486328 0.93969255685806274 0.34202039241790771 0 0.34202039241790771 -0.93969249725341797 0 0 0 -1 3742.dat
1 14 -9.4392833709716797 17.217653274536133 23.639087677001953 0.98466724157333374 -0.17226448655128479 -0.027497321367263794 -0.1558951735496521 -0.93969267606735229 0.3044247031211853 -0.078280583024024963 -0.29547023773193359 -0.95213943719863892 3742.dat
1 15 10.707271575927734 12.220729827880859 -50.000022888183594 0.93969255685806274 0.34202045202255249 0 0.34202045202255249 -0.93969249725341797 0 0 0 -1 3742.dat
1 29 -20.127775192260742 13.461959838867188 -67.541824340820313 0.98178344964981079 -0.17226448655128479 0.080165952444076538 -0.18819825351238251 -0.93969279527664185 0.28558516502380371 0.026135187596082687 -0.29546985030174255 -0.95499449968338013 3742.dat
1 0 239.99996948242187 53.348709106445313 270 1 0 0 0 1 0 0 0 1 4162.dat
1 0 219.99998474121094 61.348812103271484 260 1 0 0 0 1 0 0 0 1 3034.dat
1 0 139.99440002441406 53.34881591796875 270 1 0 0 0 1 0 0 0 1 3069b.dat
1 0 39.999992370605469 53.348796844482422 270.00003051757812 1 0 0 0 1 0 0 0 1 4162.dat
1 0 59.999996185302734 61.348796844482422 260 1 0 0 0 1 0 0 0 1 3034.dat
1 0 -29.999996185302734 53.348709106445313 180 0 0 -1 0 0.99999994039535522 0 1 0 0 4162.dat
1 0 -29.999996185302734 61.348796844482422 200 0 0 -1 0 0.99999994039535522 0 1 0 0 3460.dat
1 0 309.99996948242187 53.348697662353516 180.00001525878906 0 0 -1 0 0.99999994039535522 0 1 0 0 4162.dat
1 0 309.99996948242187 61.348705291748047 200.00003051757813 0 0 -1 0 0.99999994039535522 0 1 0 0 3460.dat
1 0 -19.999996185302734 61.348705291748047 100 1 0 0 0 1 0 0 0 1 3022.dat
1 0 -29.999996185302734 53.348697662353516 19.999998092651367 0 0 -1 0 0.99999994039535522 0 1 0 0 4162.dat
1 0 -29.999996185302734 61.348705291748047 0 0 0 -1 0 0.99999994039535522 0 1 0 0 3460.dat
1 0 39.999946594238281 53.348808288574219 -70.000007629394531 1 0 0 0 1 0 0 0 1 4162.dat
1 0 60.000019073486328 61.34869384765625 -59.999977111816406 1 0 0 0 1 0 0 0 1 3034.dat
1 0 139.99441528320312 53.348712921142578 -70.000007629394531 1 0 0 0 1 0 0 0 1 3069b.dat
1 0 240.00001525878906 53.348712921142578 -70.000007629394531 1 0 0 0 1 0 0 0 1 4162.dat
1 0 220 61.348712921142578 -60.000003814697266 1 0 0 0 1 0 0 0 1 3034.dat
1 0 310.00003051757812 53.348743438720703 20.000001907348633 0 0 -1 0 0.99999994039535522 0 1 0 0 4162.dat
1 0 310 61.3487548828125 0 0 0 -1 0 0.99999994039535522 0 1 0 0 3460.dat
1 0 300.00003051757812 61.348743438720703 100 1 0 0 0 1 0 0 0 1 3022.dat
